
% After pruning:

% -------------------------------------------
% 6 mseq groups (out of total of 24 in orig table)
mseqGids = [1025 1046 1047 1050 1051 1052, [1547]];

% N Values
% ----- ----------------
% 17 : db:noSpikes 
% 1 : db:noSyncs 
% 6 : ok 

% -------------------------------------------
% 266 noise groups (out of total of 358 in orig table)
noiseGids = [1 2 3 4 17 25 26 32 33 35 36 38 44 53 62 69 75 87 88 91 112 118 121 131 133 136 148 ...
 159 172 175 195 196 197 198 199 204 216 217 235 236 237 238 259 260 280 281 333 334 440 446 467 471 472 475 477 478 489 498 499 501 512 524 533 ...
 536 571 577 585 590 606 609 611 618 621 627 629 630 632 637 639 641 642 645 646 651 653 654 657 658 660 661 666 669 671 673 677 680 681 683 684 ...
 685 686 689 693 694 696 697 699 702 704 705 706 707 708 711 712 715 717 718 720 721 722 725 727 729 731 733 737 738 739 740 744 746 747 748 749 ...
 750 751 753 754 756 758 759 760 762 764 766 767 769 770 773 775 776 777 778 779 780 781 783 785 786 787 789 805 821 832 836 840 841 845 846 847 ...
 850 857 863 864 865 866 867 868 870 872 874 876 877 878 879 880 881 882 883 885 887 888 889 892 893 894 898 899 900 901 902 903 904 905 907 911 ...
 912 913 914 915 916 1003 1006 1011 1015 1016 1019 1030 1031 1038 1041 1045 1120 1133 1137 1139 1142 1165 1205 1211 1212 1222 1225 1228 1231 1235 1463 1467 1481 1594 1595 1711 ...
 1729 1739 1830 1879 1881 1883 1897 1943 1945 1947 1989 1991 1993 2030 2076 2078 2080 2111 2112 2122 2123 2124 4189];


%    N       Values
%  -----    ----------------
%     3  :  db:MultipleMissedFrames 
%     1  :  db:flawedSyncs 
%    92  :  db:noSpikes 
%   200  :  ok 
%    52  :  stim:interrupted 
%    10  :  warning 



% Grating 
gratingGids = [ ...
 5 6 7 8 9 10 11 12 13 14 15 16 18 19 20 21 22 23 24 27 28 29 30 31 34 37 39 ...
 40 41 42 43 45 47 48 49 50 51 52 54 55 56 57 58 59 60 ...
 61 63 64 65 66 67 68 70 71 72 73 74 76 77 78 79 80 81 ...
 82 83 84 85 86 89 90 92 93 94 95 96 97 98 99 100 101 102 ...
 103 104 105 106 107 108 109 110 111 113 114 115 116 117 119 120 122 123 ...
 124 125 126 127 128 129 130 132 135 137 138 139 140 141 142 143 144 145 ...
 146 147 149 150 151 152 153 154 155 156 157 158 160 161 162 163 164 165 ...
 166 167 168 169 170 171 173 174 176 177 178 179 180 181 182 183 184 185 ...
 186 187 188 189 190 191 192 193 194 200 201 202 203 205 206 207 208 209 ...
 210 211 212 213 214 215 218 219 220 221 222 223 224 225 226 227 228 229 ...
 230 231 232 233 234 239 240 241 242 243 244 245 246 247 248 249 250 251 ...
 252 253 254 255 256 257 258 261 262 263 264 265 266 267 268 269 270 271 ...
 272 273 274 275 276 277 278 279 282 283 284 285 286 287 288 289 290 291 ...
 292 293 294 295 296 297 298 299 300 301 302 303 304 305 306 307 308 309 ...
 310 311 312 313 314 315 316 317 318 319 320 321 322 323 324 325 326 327 ...
 328 329 330 331 332 335 336 337 338 339 340 341 342 421 422 423 424 425 ...
 426 427 428 429 430 431 432 433 434 435 436 437 438 439 441 442 443 444 ...
 445 447 448 449 450 451 452 453 454 455 457 458 459 460 461 462 463 464 ...
 465 466 468 469 473 474 476 479 480 481 482 483 484 485 486 487 488 490 ...
 491 492 493 494 495 496 497 502 503 504 505 506 507 508 509 510 511 513 ...
 514 515 516 517 518 519 520 521 522 523 525 526 527 528 529 530 531 532 ...
 534 535 537 538 539 540 541 542 543 544 545 546 547 548 549 550 551 552 ...
 553 554 555 556 557 558 559 560 561 562 563 564 565 566 567 568 569 570 ...
 572 573 574 575 576 578 579 580 581 582 583 584 586 587 588 589 595 596 ...
 597 598 599 600 601 602 605 607 608 610 612 613 614 615 616 617 619 620 ...
 623 624 625 626 628 631 633 634 640 644 647 648 649 650 652 659 662 663 ...
 664 665 667 668 670 672 674 675 676 678 679 682 687 695 698 700 701 703 ...
 709 710 713 714 716 719 723 724 726 728 730 732 734 735 736 741 742 743 ...
 745 752 755 757 761 763 765 768 771 772 774 782 784 788 790 803 807 808 ...
 810 813 814 817 818 820 822 826 829 830 831 833 834 835 837 838 839 842 ...
 843 844 848 849 851 852 853 854 855 856 858 859 860 861 862 869 871 873 ...
 875 884 886 895 906 908 917 918 919 920 921 922 923 924 925 926 927 928 ...
 929 931 932 933 1002 1004 1005 1007 1008 1009 1010 1012 1013 1014 1017 1018 1022 1023 ...
 1026 1027 1028 1029 1032 1033 1034 1035 1036 1037 1039 1040 1042 1044 1048 1101 1102 1103 ...
 1104 1105 1107 1108 1109 1110 1111 1112 1113 1114 1115 1116 1117 1118 1119 1121 1122 1123 ...
 1124 1125 1126 1127 1128 1129 1130 1131 1132 1134 1135 1136 1138 1140 1141 1143 1144 1145 ...
 1146 1147 1148 1149 1150 1151 1152 1153 1154 1155 1156 1157 1158 1159 1160 1162 1163 1164 ...
 1166 1167 1168 1169 1170 1171 1172 1173 1174 1175 1176 1192 1197 1200 1208 1209 1213 1216 ...
 1218 1219 1234 1238 1376 1377 1394 1398 1400 1401 1417 1422 1427 1428 1435 1438 1439 1440 ...
 1451 1453 1459 1460 1464 1468 1472 1473 1475 1476 1479 1483 1484 1486 1490 1492 1494 1498 ...
 1500 1503 1508 1511 1512 1513 1514 1516 1518 1519 1520 1523 1527 1528 1530 1533 1538 1539 ...
 1540 1556 1557 1559 1560 1583 1584 1585 1586 1589 1590 1597 1598 1599 1600 1601 1602 1607 ...
 1608 1610 1612 1623 1624 1626 1642 1656 1660 1678 1685 1695 1703 1705 1713 1715 1717 1721 ...
 1723 1733 1743 1747 1756 1768 1770 1772 1774 1780 1788 1802 1808 1818 1836 1838 1847 1859 ...
 1887 1889 1899 1901 1905 1917 1919 1923 1941 1949 1951 1953 1959 1961 1965 1967 1997 1998 ...
 2010 2014 2016 2032 2034 2036 2042 2046 2058 2082 2084 2087 2089 2090 2091 2092 2093 2094 ...
 2097 2098 2099 2102 2106 2107 2108 2109 2116 2119 2120 2127 2128 2129 2130 2133 2134 2135 ...
 2136 2140 2142 2143 2144 2146 2147 2151 2152 2154 2155 2156 2157 2160 2161 2163 2164 2167 ...
 2168 2171 2172 2173 2174 2175 2176 2177 2180 2181 2182 2183 2184 2185 2186 2187 2189 2190 ...
 2196 2198 2200 2202 2204 2206 2218 2230 2242 2252 2254 2264 2282 2294 2296 2306 2316 2318 ...
 2320 2322 2324 2326 2328 2330 2332 2342 2360 2378 2396 2398 2414 2424 2426 2436 2438 2450 ...
 2452 2466 2468 2472 2474 2488 2490 2492 2494 2508 2510 2512 2526 2530 2532 2536 2550 2552 ...
 2553 2558 2559 2564 2565 2568 2585 2587 2589 2591 2599 2603 2607 2611 2615 2627 2629 2637 ...
 2645 2647 2653 2663 2667 2669 2691 2693 2699 2713 2719 2727 2729 2739 2743 2757 2769 2779 ...
 2789 2795 2797 2807 2813 2819 2825 2831 2837 2843 2849 2863 2867 2877 2881 2893 2897 2905 ...
 2909 2915 2925 2939 2951 2955 2959 2963 2965 2973 2983 2985 2991 2997 3011 3017 3021 3023 ...
 3033 3037 3039 3045 3053 3055 3063 3069 3075 3081 3083 3089 3095 3103 3105 3121 3123 3127 ...
 3129 3135 3141 3143 3149 3161 3167 3169 3171 3183 3199 3205 3211 3227 3233 3243 3249 3255 ...
 3277 3287 3295 3301 3307 3309 3319 3337 3343 3349 3355 3369 3375 3381 3387 3393 3399 3407 ...
 3413 3421 3427 3451 3459 3465 3473 3485 3491 3497 3503 3507 3509 3521 3543 3561 3573 3585 ...
 3593 3599 3605 3607 3613 3619 3627 3629 3635 3641 3651 3657 3663 3677 3683 3689 3707 3717 ...
 3723 3733 3769 3773 3795 3799 3805 3813 3825 3829 3833 3839 3851 3853 3859 3865 3875 3881 ...
 3887 3893 3921 3927 3935 3947 3953 3959 3965 3971 3977 3985 3993 3995 4001 4007 4015 4021 ...
 4027 4035 4047 4049 4057 4061 4069 4081 4087 4093 4103 4111 4115 4125 4131 4137 4147 4153 ...
 4159 4187 4200 4201 4204 4205 4206 4207 4210 4211 4212 4213 4214 4215 4216 4217 4218 4219 ...
 4221 4222 4223 4224 4226 4228 4230 4232 4234 4236 4238 4240 4242 4244 4246 4252 4256 4270 ...
 4276 4282 4290 4310 4316 4350 4358 4368 4378 4386 4390 4392 4396 4402 4412 4422 4428 4448 ...
 4454 4456 4464 4472 4478 4484 4490 4496 4500 4504 4510 4512 4516 4524 4536 4540 4542 4550 ...
 4568 4572 4578 4584 4588 4592 4594 4610 4616 4618 4624 4648 4650 4652 4666 4674 4690 4694 ...
 4698 4704 4710 4720 4728 4734 4742 4754 4756 4760 4762 4764 4766 4770 4772 4776 4780 4782 ...
 4786 4790 4792 4800 4804 4812 4818 4822 4830 4834 4844 4858 4870 4876 4880 4886 4896 4902 ...
